lastAccountName: xilou
timestamps:
  login: 1668749706528
  lastteleport: 1668751219843
  logout: 1668751275053
ipAddress: 183.15.176.252
lastlocation:
  world: world
  x: 858.8072475348035
  y: 78.0
  z: -820.6868150562689
  yaw: -260.8112
  pitch: 24.823528
money: '9428.0'
homes:
  xilou:
    world: world
    x: 287.30000001192093
    y: 64.0
    z: -240.86709321001962
    yaw: -89.42163
    pitch: 15.788567
  val:
    world: world
    x: 858.8937255349322
    y: 78.0
    z: -820.1268411827831
    yaw: -175.84062
    pitch: 32.479183
logoutlocation:
  world: world
  x: 289.9618375984002
  y: 64.0
  z: -253.9820007432026
  yaw: -44.660305
  pitch: 15.650651
afk: false
