lastAccountName: Gin
timestamps:
  login: 1668838953949
  logout: 1668838970053
  lastteleport: 1668838964093
ipAddress: 113.110.142.118
lastlocation:
  world: world
  x: 81.0
  y: 79.0
  z: 15.0
  yaw: 92.69537
  pitch: -3.1502075
afk: false
logoutlocation:
  world: world
  x: 265.5
  y: 64.0
  z: -318.5
  yaw: -91.2457
  pitch: 21.149872
money: '48602.80999999999997'
homes:
  home:
    world: world
    x: 312.267093723188
    y: 64.0
    z: -492.0541769124699
    yaw: -300.96094
    pitch: 15.449866
  _:
    world: world
    x: 265.8030585189808
    y: 64.0
    z: -318.244310836764
    yaw: -97.69574
    pitch: 23.849865
  c:
    world: world
    x: 261.152314872826
    y: 14.0
    z: -564.2075753543716
    yaw: -139.44867
    pitch: 11.09984
