lastAccountName: ankikong
timestamps:
  login: 1668831496219
  logout: 1668838652423
  lastteleport: 1668836158441
ipAddress: 121.35.180.78
lastlocation:
  world: world
  x: 307.981969437554
  y: 64.0
  z: -394.1586932038606
  yaw: 26.67627
  pitch: 15.459363
logoutlocation:
  world: world
  x: 387.81313543488926
  y: 82.0
  z: -373.85388247411754
  yaw: 213.84204
  pitch: 12.490524
money: '49603.1'
homes:
  home:
    world: world
    x: 329.38713847500895
    y: 64.0
    z: -287.38021067706524
    yaw: 196.08081
    pitch: 23.74967
afk: false
