lastAccountName: Aozaki_Meko
timestamps:
  login: 1668704861566
  lastteleport: 1668705772514
  logout: 1668706132517
ipAddress: 47.57.236.199
lastlocation:
  world: world
  x: 79.99633411202485
  y: 79.875
  z: 14.24732429570714
  yaw: 85.211876
  pitch: 8.160641
logoutlocation:
  world: world
  x: 175.45475322274245
  y: 69.0
  z: 50.69999998807907
  yaw: 10.888142
  pitch: 44.62039
