lastAccountName: ben2
timestamps:
  login: 1668326178580
  logout: 1668326214974
ipAddress: 113.111.41.185
lastlocation:
  world: world
  x: 82.5
  y: 94.0
  z: 3.5
  yaw: 89.69537
  pitch: -2.2502074
logoutlocation:
  world: world
  x: 83.5
  y: 71.0
  z: 1.5
  yaw: 79.19545
  pitch: 8.249795
