spawns: 
  default: 
    world: world
    x: 82.0
    y: 79.0
    z: 14.0
    yaw: 89.69537
    pitch: -2.2502074
