world: world
x: -50.5
y: 73.0
z: 62.5
yaw: 358.94525
pitch: -2.550148
name: choujiang
