world: world
x: 82.5
y: 94.0
z: 3.5
yaw: 89.69537
pitch: -2.2502074
name: zhucheng
